567948
63401
1349320
1349215
1374283
1375654
1362105
1362061
1362175
1364919
1364917
509042
1340213
1301897
1363871
1391558
1391557
1380368
1376499
1333245
1375752
1332689
855177
1357905
1301899
1390439
1390445
1376112
1379574
1376648
1382504
1390447
1383393
1360629
1365298
1376179
1375917
1387960
1153450
1370401
1360825
1379575
1386648
1363874
1348009
1364357
1365050
1373687
1173555
1359940
1352781
1374598
1391111
1391497
1353193
1353194
671664
515265
1367333
1383973
1389659
1353573
1111578
1110504
1125246
1384596
1393197
1393198
1394879
1394880
1394881
1353693
1378270
1359698
1257226
802201
1363080
1363081
1383398
68445
5489
1386782
1388409
1388410
1388408
1208739
1387033
1386650
1353522
1354899
1362829
68002
1273083
1344617
1357013
1389455
1361606
1381197
1381203
1381209
1381220
1381225
1367562
1348072
1348148
1383414
1383425
1383436
1361567
1381218
1360769
1100669
1347980
1382089
1229503
1009369
1383834
930539
1361663
40619
1361044
1361049
1381265
1318699
1361447
1348056
1383616
565677
1390962
1348209
1348206
1347898
1360344
1360357
1381102
1381110
1301698
1083521
1115052
1007285
1167716
1347947
1071053
859991
1361501
1329369
1381346
1381320
1186339
1344939
1345403
1386781
1152693
1361712
1361646
1391563
1345461
1392190
1392768
69437
1391493
1388404
1361204
1361203
1361205
1375652
1347526
1385257
509241
321873
324212
1388132
1391972
1014493
1007122
1009870
1390488
1390483
1390484
885346
491803
1294570
1381087
1391629
1248779
1150322
1361080
1361030
1348496
1347366
1146118
1355591
1381567
1382192
947410
1392172
1347816
1347841
1268235
1342992
1347879
1375451
1388599
1084755
1356425
745619
985223
74326
928849
1335000
1348228
1352415
1352425
1237932
1352427
1351483
1359192
1359197
1391359
1391973
1348310
1381238
1381243
1361095
1361103
1347495
1347504
1347480
1387470
1361250
1361092
1347351
1347497
1160307
1394253
1382507
1382508
1382506
1355248
1355249
1355278
1366286
1215695
1072641
56846
1359692
1367207
1355473
1357263
1378964
1360628
1356926
1375914
1360711
1375913
1001472
1356928
1351405
1345767
728125
1374367
419244
1358286
1359558
1360235
1360236
1362282
1365293
1404562
55315
1381796
1355320
1355318
1355319
1364676
1073806
1237473
1368421
1375657
493052
1238542
666892
577330
1360813
974027
1363882
1380011
1394874
1359733
1080399
1288567
1385270
1360989
1361036
1380942
1205911
1360132
1381387
1359782
1348156
1046765
1389310
128003
1363828
1395048
1362644
1355985
1356616
1345802
1356902
891499
1359559
1361717
1374481
873470
616723
642640
1251219
1332866
578982
1380229
1380235
1237230
1328334
1341305
1052355
1348014
1348023
64649
302657
56597
1146107
509209
454240
313777
1237367
1233978
1136409
456808
1374222
1176600
1383316
1221296
1313420
1306312
1383639
1002163
1304445
480212
1323522
1345170
1025471
1304442
147872
1392111
1267110
716729
1332138
1374264
1374271
1374292
1332081
1374279
1173400
1361770
1065472
1361775
1363052
271143
599111
1383469
1388466
1363019
1388482
1363045
922063
1363025
958242
1063760
1158404
1374261
1039566
1068991
1160425
651679
675238
1160424
1081082
1063712
1251100
1118268
1255102
1173045
1003026
1063876
1237876
804928
1147848
1160428
1116872
804319
1039591
1116874
1046520
1072032
1310928
1225295
937286
1024754
1063061
1072452
1083720
1090809
545812
354960
394138
278776
101409
113213
761339
818037
756359
577137
480219
425028
480210
687119
528541
340952
708330
678850
678851
468717
1002762
667531
706318
543717
855629
1385251
1391599
680943
899875
70371
1301523
1084313
1152917
1075933
49979
1363852
835240
1351622
1365149
1351710
1011405
687120
678858
1291778
1347995
1353239
1362601
1253484
412536
555740
1117950
1125971
823808
249721
1297981
1367632
1210977
1061960
1353413
139780
806654
663175
44970
321768
1309213
234076
968762
70183
1246273
1172862
1086219
1242680
1326881
1179746
858877
858880
1373974
1302708
1384526
1062152
1087289
1138236
1340856
316239
1302722
853881
1298402
991402
605484
858893
39798
1238132
950828
1358459
815232
1359905
1314598
1358519
64376
1215009
1393635
1144530
1385869
1386036
64415
1373979
508870
985812
1048387
858895
765530
745589
1075833
548663
327708
1332854
943818
930465
405581
577156
948611
570314
1153946
831943
311126
716338
1303418
567378
1259140
1257728
1353390
1317512
1352872
1353401
1353701
1299271
1299281
1299593
1300062
1303327
1157406
1255043
1071330
1263866
1308775
1313395
1313396
1314605
1071906
1255736
340930
340932
347000
370464
455385
753024
864367
957440
957443
1378737
1394436
915164
1003045
985215
1003043
1081060
1313192
829763
568551
505859
890207
1039060
486288
756372
431621
1046179
431622
1123308
1135941
1145976
1336291
890094
903548
1011858
621716
836008
1241999
951153
374038
1373854
1373993
1374019
1352600
969685
742906
883929
1204575
1205039
1298795
1363050
1273646
1273647
1233988
1363048
1388515
1287093
1357459
1179490
1225697
1174623
1287096
1039575
1355956
1351856
1264565
1351853
1376203
1376204
1342382
548465
1284747
603550
437358
1361314
1315075
1315076
1039195
1286781
1314811
1314813
1328948
1328951
1331038
1343486
1155818
1346150
1159072
1279552
694919
1255753
1305519
1381555
1347000
1347857
1155846
1155847
1094716
634616
1206094
778216
864427
1142204
1155824
1248484
1043499
1176842
1255695
874979
922606
1155777
1014590
1071472
1315080
1337649
1346621
1257295
314091
1304795
1392033
1248451
1325401
1325725
888591
1328930
427577
359633
651735
1243193
999453
1317120
1167034
872558
1296982
1206084
1149457
983680
1016837
945194
906830
1381591
1358880
1160686
1155852
1088189
1071477
1347731
999482
930066
933281
630249
921427
1030478
1039196
1071936
1142375
1159081
1167394
1167415
1172598
1132993
1231031
1248487
1248485
1248502
1248488
1168686
1255725
1347977
1358604
1231095
1255927
1382183
1063483
1347128
1206058
1266616
1142374
1231094
951320
1296953
1248577
1248579
1248580
1172857
1305839
1305840
1374123
68801
1279686
710061
847569
887594
1347656
1173808
1172084
1330629
855515
363785
711515
770279
780657
820328
851207
865065
767301
946548
727668
1068977
1068979
1084530
1084531
1130986
880254
1164240
1164244
645446
1270600
1303324
1291553
1291573
1319276
1329250
1332066
1346131
1346135
1389930
1389929
1292465
423646
733762
865261
573419
1302488
1306867
1298868
650562
1241986
1096161
1068041
1384160
1240721
1385996
1147005
1384099
1384883
1386028
1096785
1096779
989887
1385896
1384091
1170575
1249483
1384081
1250151
1321374
1324067
1347588
1356482
1360477
1346527
1165544
748640
1184249
1030471
1276795
965189
783957
1280280
1345471
1362998
1385470
1270564
742730
452521
641311
713098
1394389
1062718
1390931
1394390
587097
761785
1166477
1166490
1214081
480264
1254215
661005
1315129
1325446
1343247
1325440
1325445
1325438
1325441
702296
1325439
1352575
1325444
1343246
1352574
1390749
1352685
1253924
1352686
1390750
1352687
1390751
911042
799700
936372
971140
1040426
1356110
996435
1360405
1102642
792811
991054
1380567
1309928
1342615
765534
834148
1056768
1378405
891991
638989
877232
1322574
973732
812726
690262
1365541
251160
835165
704709
1239403
1248721
1326380
1340845
1344290
1078758
400984
875460
823600
492302
973736
1345441
1229777
1229523
1232966
1229432
498862
577757
1247677
1389806
791869
1245756
1385947
1055832
1343498
1351217
1394385
1328798
1351215
1351216
1394386
1147686
1328797
1128346
1376579
1339780
1339798
1339775
1141457
412626
1248532
1369247
1222353
1323463
926965
926966
1030475
1171958
1171940
1155823
969608
1016830
1347063
1347066
1092520
1248515
1248519
1248521
1248516
936823
1171938
1314662
1314716
1314719
1142215
1142216
1316085
306523
864748
840793
504033
548445
724808
1343330
1229563
639118
523096
799698
639119
973734
546846
406439
1213877
676366
629806
667785
997672
704472
675962
770264
1149853
1211890
764582
569517
305313
1329259
1323413
1315043
(1-1000)

61618
400977
597470
638583
616178
1068992
1084533
1155188
1297491
838578
418229
494345
791035
1381725
1322263
940905
1352840
983888
1178647
1174174
1355754
699725
837762
931734
403129
1129606
1057016
1346641
969555
1268510
604373
1106522
1310091
1367274
1365308
1365324
1311023
873233
1311990
1273102
1309017
860482
1222380
1179165
1248809
694865
1329535
1222379
1260804
1248808
537775
1222389
1247140
1290748
1381948
920300
1365322
1386732
1173731
621120
1350680
1381735
745267
769848
817022
1064449
1173804
1002025
1342509
1128524
1377112
1151213
1245132
1087481
1089667
1166652
771407
1231207
1375813
1322400
1011640
1201384
1218669
1221695
1230575
1001974
1302842
1340907
1165818
1378714
1299469
1356598
1373977
1373982
1373987
1320549
1241657
847236
903040
1017461
1076419
1128590
1279428
755393
1244132
1350406
1064446
1147474
1278552
1080842
1310058
1335847
1249024
1285223
1284338
1351057
59223
1326381
1367304
1071683
1241700
747643
785207
1144873
785200
1257455
1340713
1340716
860628
1382792
1340721
1214369
1214867
1272311
349075
1343956
1365253
1278462
1256756
1275545
499157
499158
1269104
1320676
1357011
73067
1260308
1344074
1366724
1221099
1233309
1334693
1032704
1078653
730060
730058
1321188
1166061
1102584
1290016
1248893
62697
47412
235658
353623
391090
466886
830360
858731
237234
751688
1079140
71626
338978
30488
131106
57240
426253
1382423
1361702
1276173
1358965
1072592
1381685
1381686
1381687
1381692
1076450
58695
1325475
1350631
1279068
1079915
50080
344092
703646
1252260
1329701
1325407
1091366
592958
1068590
808892
1320060
807302
1222437
1017745
1076418
1222441
979537
1068965
798735
901267
1032611
798734
1069160
1068968
727458
1000492
510869
423497
706735
1068679
652277
564636
664216
347666
1018752
1068617
1036706
1079292
682091
426468
1106323
29390
1342494
1342493
1377614
714080
1333961
1339342
1386022
1206401
309050
1274663
1325408
43596
1238710
1187558
897474
1320167
897475
1079992
1180780
1267844
1325478
1325534
968482
1289483
1354600
1220101
1294460
662149
1266873
1260521
1277982
1342524
676434
733174
1281614
577686
971227
971228
582730
1297979
1180290
1350511
1350521
885848
1045479
1279935
722861
592366
1340714
881317
881321
1386171
746782
1180464
1187757
1222508
1359002
1280570
1326140
1302338
1187777
1043137
1278000
1358999
1310617
1386241
329333
1340588
64292
1222995
941832
510187
550901
838023
727252
1004260
1384312
699321
1180476
1180473
836189
769855
1239979
572479
1239993
1367200
869961
1288322
1383593
1267388
1310743
1312218
1312221
1366698
361733
1388558
983740
1278131
500735
894527
1089876
983728
1326018
778758
1377301
1108132
1237666
1231685
1234166
1234169
1234167
1234172
1234173
1302894
987537
1009281
827973
1267251
529161
587291
685644
713119
722954
726973
791407
806020
827966
835281
380144
875710
973639
973646
973647
965957
619379
430184
838018
1355374
1359274
1359270
1359316
1359345
1373230
456514
469649
617622
710607
798791
906062
929636
969039
1132774
1132775
1149804
1149806
1149808
1204521
1258533
1269278
1296781
1296783
1310350
1310589
909142
792953
976575
996633
1296097
1227459
890807
1089036
322181
580758
36889
755486
931999
1070874
892296
898865
963358
1310658
315824
527304
1341505
1234013
68314
682843
1219186
308435
308438
67854
926433
1366181
733511
492877
283468
376670
1302169
869959
5165
1260261
1341469
1218233
1366334
550847
399899
1257337
1388153
1118601
899745
1253694
1253695
472759
769620
994123
1353059
1352828
1340640
1352823
1302717
1258691
1258693
1259235
1324948
1324947
64315
961570
1160153
1364204
1310594
1242082
901242
1363791
1302790
1302797
1222755
510190
466686
412056
771582
1303461
1280473
807352
1222719
1308098
1063886
1072013
1396961
1366613
1366616
1366631
1366637
1366638
1278120
1348001
1336497
1336492
1336494
1267384
1333647
1319098
1267387
1319101
1309314
1366671
1366635
1223040
1180526
1223330
847686
1063978
1364462
68103
772630
772627
72824
840181
1311465
68924
134568
1377682
1389746
1370245
1389743
1370525
1288951
1372776
1377705
1241526
1370238
1387415
1004044
315459
1179085
1380717
1380725
1144107
1168778
1363896
1323909
1333511
1314270
872536
886916
926232
1253102
1203097
630055
1391988
1076364
1316464
1316468
1097616
1359073
1302661
908549
1246766
1255297
1260596
1260599
1261538
1266942
1302093
1364458
1370282
997543
1253236
1267645
1261523
1261529
1253257
1253239
699314
864779
983412
1011631
1156933
1173369
1260944
675010
1079891
1219227
1283051
1331425
1085700
1302283
1331484
1085704
1331488
770648
962463
976638
989488
1032413
1097484
983386
983387
1381019
864771
1045501
1008300
945875
983391
1203083
926338
945877
983392
983390
1045485
1045486
1057679
1089669
1147512
1156766
1156767
1171018
1202877
1203074
1302100
1302103
1302106
1302107
1253270
1279599
1323785
1018016
1128815
510881
436644
507906
999913
1032183
1101613
1139251
1139335
593098
1341303
1341614
63189
681506
993055
1345753
1345707
1349569
883299
1012228
576964
1071785
1274465
1253214
1253277
1350123
1371313
1336737
1362037
1337368
1356855
1336749
1337366
1390225
863646
750077
752708
1360768
1366184
1366185
33257
71513
1358271
1347674
979423
982197
982381
682180
682176
836080
835459
1242981
910781
910797
910805
978453
978483
1242802
822595
822596
812009
488018
846610
846613
884833
1322654
763538
576279
862118
361592
1206795
1255705
1251720
1101618
393796
982340
1294609
414191
682606
1358915
781497
835154
871232
920266
983383
1076358
1076366
1085698
1147483
1147473
1253295
1253310
1253317
1288232
1288233
1344833
1171371
1364602
1312214
962325
1011619
1011618
1314586
1331764
1344889
1106000
884497
33627
1171021
1288148
1288158
1309140
1253109
665950
396138
761033
549460
894811
1298012
813181
315571
1019198
937854
1252934
1063493
56535
1069984
1219364
1308506
1089714
1151640
1324436
846552
1324446
1324438
1294048
1381071
1164248
1175783
1286793
1242947
1242954
1364687
1364690
1006558
1173442
1209661
630907
1286791
1242956
872656
1253048
1092331
1391892
1255602
1356772
1179433
1179435
1179438
1092328
1242829
1234382
1234300
1341555
1346062
1332324
1355760
1040651
1307827
1287163
1009766
1242803
1244743
936826
1330890
855189
1000788
1110161
1094950
1386000
1386014
1102406
325489
1157017
820280
1357241
1115673
1089326
1297632
1088545
654815
720157
900761
1403644
380668
1179434
589216
770324
681636
1038702
1287058
803401
1335129
803403
1143406
1364516
1021665
1351844
1294039
772418
1262919
862701
1390553
1125048
1111301
1211413
1375467
1364675
557442
1046853
1255633
1347595
1057243
1249489
789990
68613
1161240
1355511
1355606
1291036
1333737
1355505
1010432
1332107
1353321
1256535
1258031
705869
1328566
1328567
789616
1340788
1339534
1339532
1339533
858918
937965
1353820
412390
1393747
1393744
1380184
1127732
1234404
1286909
1365101
1232628
1178156
1306978
1350379
573959
936188
732936
1262011
1034876
1232717
1388626
1387309
1251625
919434
1389334
1085985
1076984
1356510
1250152
1374863
1180014
1254453
1373163
1373165
1370554
896722
983210
1338655
1325664
1382538
1185757
1242236
1242241
1242232
1058335
1384151
1175272
62109
699213
1267450
889680
1092286
1137475
1148142
1239761
1239815
1277702
983176
1125748
725354
1154052
1374081
1225630
1050592
1387672
1380733
30817
1182099
1253203
513977
1332154
1327422
1327423
1334181
1341247
1341257
1393495
429602
1245362
1382151
1385886
1189892
640248
948114
1361873
1361872
55429
64357
1375531
1375532
1375533
1375534
1376359
1376365
1376357
1376381
1376370
1376380
1376376
1376361
1376378
1376366
1376367
1376362
1376363
1382143
1376364
1154002
1340355
805205
1382150
1356652
1350326
1363720
1342037
1385279
276150
415313
753445
227074
443193
454434
1326348
71703
59260
47237
54994
122365
385250
948252
1354780
1390658
749153
(1001-2000)

1320897
1342065
1348970
1392934
935431
991276
1145728
1267521
794662
1240576
1327381
1327426
1339334
1353816
1365103
1142133
1327378
1337921
1353811
1327427
1005060
2218
67933
59336
1152330
1163692
59583
584641
1229093
1233853
1235400
538397
1253478
1340897
1367597
1146559
604457
1323355
1091197
1335435
1335436
1346506
1309788
1348735
1353690
1353700
1365115
1365114
1365444
111187
1003234
1240206
1283842
1258522
133705
580794
1236855
1258537
362802
1232077
1403701
1403870
1403869
1148775
62114
379367
66575
142612
572658
1253207
788579
1162820
1387256
1327428
1235259
1398959
1102859
489733
572637
1360596
1365441
1340896
282759
714036
528104
1385614
1128130
494652
105854
1148293
1365695
1316719
1316730
1326346
1329785
551450
29373
613378
769994
342432
898168
435829
1288644
1298719
1154208
1080380
1364369
512776
1250332
1246614
1255774
1236845
1150671
1351001
990861
1356520
1237470
809360
742758
873408
873410
985686
985281
1383762
1066959
501438
985289
768879
760988
821128
858054
1334104
564265
461212
1334094
1334102
1066328
1160192
1383771
1383763
496980
1066960
999032
1383774
873409
1334100
1383769
1066326
1066537
1088789
1066327
1383770
564264
1357201
1167060
1013812
880846
1177049
1018039
1266368
1266370
1177048
1177046
1177047
1357200
1362994
574055
619280
539684
865904
539682
996671
926835
1118065
1118079
1003220
238865
1365636
1067745
723779
563969
846549
1012486
1001166
907106
907105
1232334
1264153
1263211
1259469
1263079
1278776
1285283
1332612
1348518
1005419
1396660
988628
1396657
1257013
1257060
988630
1138859
1300038
1358063
1151575
1300039
1358060
1278148
1388068
1380817
1324976
1358061
1380603
437538
1275987
1141695
358063
1037221
1036324
471475
274186
474151
474152
1051976
993236
1357060
744660
1376945
1376948
772396
858053
854930
1357061
762002
1377131
1307927
1259829
1225882
1225115
1268353
1375686
1375587
1375586
1278075
1266192
1278076
952717
1278073
1265899
1245640
999846
1265902
1245620
774482
1307934
1357147
1357151
1357153
1245621
1357156
1377556
604696
1065809
688356
1089719
1125033
1314480
1202501
1225666
1174390
1174391
1383489
919137
919138
1260032
1299849
1177034
1388551
46018
999850
934214
962964
846558
150019
1081806
1081805
1111400
1184315
437870
1184323
1266354
1184324
846559
1159646
1159648
1033863
1266356
1311473
534975
1006547
919129
942296
952787
1117973
1174116
922142
780800
1177037
1357143
1357146
1357142
1357145
1106003
1106002
1174120
1274924
1274925
1308470
984115
1046843
1046893
607206
1058567
1186402
1186390
1186403
1245685
1245686
1255540
1186389
1259960
1327868
1377689
778587
1090900
1266362
972757
972755
972760
972765
990600
792521
1058596
1144706
1144774
1144729
1158026
54290
1012678
1074702
1074715
607979
664850
688263
772795
776367
776368
778583
1040645
854925
854926
854927
894140
1174171
1033842
1058577
1046855
998038
998005
1006560
1111424
1111439
1167061
1274931
1333618
1144734
1147657
1158427
984171
919127
1159618
856276
1388318
836036
1320062
1295583
1334057
525958
854365
1245525
1310352
308550
1240345
1332587
1334055
1238821
992557
984844
1066967
873125
893558
821122
1066586
882870
925742
770123
864188
547994
668780
709993
893627
874083
864189
769838
1341265
485381
1239366
1238860
1332935
882873
953592
564285
527847
932258
1341259
663817
438252
645380
845870
1065626
393462
1332938
527833
1239488
506771
538294
906622
1313446
1114746
1310088
1245005
1301812
1243389
1098828
882643
1341222
1341213
927454
1341192
1341184
1341231
850380
1070573
1070633
1304665
45922
44678
243662
249444
290672
339967
346142
355935
444478
437086
346318
356570
512019
512018
494100
483656
290882
566514
642549
548769
668629
731553
760692
760695
768704
768711
568753
101260
874070
961544
1386319
1113379
1110065
794060
1070536
356576
786732
1386331
1386330
1351016
1245361
484696
760989
1351014
784090
784091
784098
806184
829774
663900
868792
465054
902553
973723
787030
987917
1225721
1238606
1238837
1238847
1240857
1241107
1243415
1245609
1330537
1330748
1350612
1350615
1350667
806186
821215
811669
1310941
1333268
882647
772452
474882
1007749
934423
934421
940532
471476
565725
568788
1013809
1088667
1088873
946410
852124
1291192
1016022
1291285
484706
268596
410146
770857
557368
678894
860643
1321793
1316557
1142229
1140706
858098
564906
386849
770149
1333591
765537
340405
1280571
1157181
1157179
556459
299546
526054
1238344
568767
346139
1349688
850367
752633
1019937
1019940
1019942
1019941
837266
526052
887098
887104
824554
439510
865850
867653
858512
971756
108056
1362867
1362890
1362892
1383592
1362810
682435
331961
437868
498295
984929
771910
1244474
1241228
1362832
1362835
726702
974003
973983
1004065
1014427
1013287
1014165
1242991
1243017
1363307
1242122
1363585
751282
628935
628936
1245265
1143878
740804
1036428
1142751
1266844
751276
1383922
725638
1392415
1390208
1383602
1383647
1384068
1033784
447969
746008
988538
652017
345599
652016
582942
615513
996139
507195
505602
539637
1255660
1256318
1257286
132562
453616
1353119
853792
874074
983431
838372
838370
839172
893160
889967
951037
1245817
1258319
646848
766015
431236
741769
850370
955151
1008909
835313
1257766
1257299
1289035
1353236
1361947
1359712
1360355
1360932
1360655
1360604
387229
1322341
1386802
1384478
558262
431073
1049045
1217475
496757
428228
431233
1322436
1257599
445688
1328977
1037942
1079363
459897
1050420
1050736
1281270
1074594
862363
1383678
406942
821488
1010099
1360060
1332378
1332376
984896
850634
1242465
924129
1332414
1257454
1257731
1249468
68505
1333718
1096486
1390178
619279
1160161
1066263
873413
736872
767400
668781
953600
847494
751262
1332949
526994
1383735
1383732
899806
1120793
852437
751277
1292344
1005143
1280411
1218215
1005146
1365656
1383295
848333
989718
990386
292243
751257
449429
1000916
1000931
457690
564900
1334572
473960
1353114
1337143
1286789
1337958
1336315
1336319
1360319
1362974
64079
225945
847519
1014027
1040129
1066512
765553
1231575
564905
1202502
1202499
772792
975953
975956
975962
975963
1006587
1012705
1012704
1328188
1022695
1022693
1174131
975954
1174130
1357204
444476
551469
766023
865900
865902
1050990
1174142
1357202
1357203
1357205
1177023
679413
1066549
892427
987713
926462
1015456
732232
693736
322327
1376084
345351
501941
760911
1068922
1136292
1299801
1033840
830975
1157183
824552
62977
676729
854093
299413
1071498
1358607
1257017
1033677
1375611
1375612
1357144
1375613
1239528
1334099
630651
476629
850639
1238314
1238426
850636
927072
821505
850638
573231
929681
1332931
1332932
771890
1068949
393114
1299855
1299856
1299854
999997
1388881
875560
1203039
1118573
1247639
1280854
1349645
1190143
1349856
341731
1292896
1207263
1394301
1274444
1340435
1392691
1374979
1361917
1361915
1321085
910580
1176570
1313906
268027
1253721
971674
1176587
1046864
866897
849331
666518
1325883
1292883
1208181
1291718
1358044
1382027
1376475
328710
1034025
1211451
1212296
1201526
1274948
1332856
1358982
1358984
1274981
1211448
1352997
1391517
1231102
32810
1253781
1253795
1256565
1256573
1256588
1178213
1393613
1394216
630372
1333475
1312063
1279886
1055259
1349760
1364702
122468
129521
983346
630558
849328
69903
1303237
1281169
1256915
67312
880668
1203782
1211838
1221270
1392688
237399
679272
1274485
1274474
1257937
1174244
815775
1367133
1367134
1284303
1392692
1393064
1042169
1361913
1374085
1374087
1374090
1374093
720760
1288941
1176348
1280855
940986
534943
971641
875295
1285697
1156709
847815
872461
243062
507654
691265
1382834
1156700
1156711
1156702
1277716
772095
1156703
1015027
1018521
1018520
537152
1277698
439192
1380008
1380081
681291
575828
894357
1310716
1348823
1049929
(2001-3000)
